$ANSIBLE_VAULT;1.1;AES256
63336630363433626261636237306361383538363134366465663337366336633333326330333363
6563343764306134306230653663303230633131646635310a336537346666643961313231393230
39326465643330653938646532396466373864646362656365616536613065343439623131623338
6631646330393836320a306663346365376330343233383231383963363932636264323732613433
62386235313238613933303635663938313265386136373637303432366332613162383363613965
61353938376234313861623038376634623037626237626661396436646233656136343465633032
63636531356230396561353030323437383439323739393563633531356333366632316263396661
66326530656365393937306364626539626332386435316432353437303034613163613031376466
37643562316135373161626263356364663739393231623737313337343763383133653639363636
61376637613961633137366632316565643539363465613161386133356566653039633930613331
35663735663234646238383638313335663033333332643936356536626264393335396561353366
64653166663033363838363564633230303336373438373963393132346132653433373764323762
37343832386432323738373535336365306662363636313166393262373865656636613832323534
32653031383739616533623332363934366137616332383238613264623737363066393432363566
63373363346463616262646337343966663034336539346661336364613164313233643931336430
64313663663462363031653135353133343637613366633463626261313263376663653666663433
37373861326535666465356264373661303833653734336335663536363737623535313039333665
65616261626531666136323461363631316339646538666236386466663236383064623031663264
34323433636639323636326437666330646662393861323565613931326262346236376135616630
35633634383861373030646335616261376430663539393732646330363931333739646561643339
62363434333135303438323864373733343462343664653431663435313663613333333339613639
32303733343533646162336165616166653137396465303636646133656432623234386362383730
36386131323230363936366466643462336636313638336139313736656363323463353861656364
64323132313662313435333538333534643464613437653739336662303035353835366139643762
30656164356536323438366230656161636562383134336163643464633531353062663163646163
3738376538663265393736303730313937303132633730363138
